load_adjustment_rate=0
sensitivity=2
gpu_load_threshold=0.079999998211861
cpu_load_threshold=0.050000000745058
