visual_effect_level=2
render_time_threshold=0.019999999552965
gpu_load_threshold=0.070000000298023
