target_fps=30
derivative_gain=0.050000000745058
gpu_adjustment_factor=0.25
proportional_gain=0.10000000149012
temp_threshold=75
integral_gain=0.0099999997764826
